6.967938288803026126e-01 -3.960301490887990217e-01 -2.198821389118973124e-01
3.016422875589185870e-01 -1.820894156245950191e+00 1.464529334476080136e+00
1.068922100588909574e+00 1.701726969077794749e+00 -2.199994746665465684e+00
2.599884701610496673e+00 1.412847106031613009e+00 3.988850888200338729e-01
2.725890681937424009e+00 -1.101729308874696445e+00 6.177952341791276281e-01
8.087617098318821141e-01 -4.337495212200441208e-01 7.536109352659520200e-01
-4.565326558964631631e-02 3.070945730711658328e-01 -1.436830471287924516e+00
7.560143750405771135e-01 -8.868816987661229945e-01 -1.492291184166236961e+00
7.523565847044604293e-01 -1.713271373599981606e-01 4.063832181380105379e-01
6.460657478352997973e-01 2.725117104213053421e-01 -5.563864551927858448e-01
-2.034749252286792931e+00 -1.925056556255083429e+00 -1.443442037488692709e+00
-1.080946184712332919e-01 -1.179165277531661893e+00 -1.485925189413535019e+00
-1.914948341948094379e+00 -2.805381803125154838e-01 1.084551730442075666e-02
-1.694572774056438691e+00 -2.555653291780001779e-01 8.576300712600920528e-01
2.809904156260036034e-02 7.377592007370202820e-01 -5.098857980444290172e-01
-1.379040384191820845e+00 1.375624950403024238e+00 8.119058422156001376e-01
5.145488246937811594e-01 3.709636671075993708e-01 -3.597031355173137546e-01
-7.074979054301607784e-01 -7.497617080017101587e-01 -2.231539922925017683e-01
-3.827580603284082006e-01 -5.952969526736238137e-01 1.735675028889909655e+00
1.096258055834253842e+00 -5.070599730804858929e-01 -3.421513442443956943e-01
4.728897991491957664e-01 1.624362490136982196e+00 -4.597456753318839850e-01
5.972794042500414458e-01 1.170868747453601477e+00 1.897085624226685585e+00
-5.343763973299153758e-01 -4.169096971063876444e-01 6.990959982863977906e-01
-1.466397283658012807e+00 -5.876521236019406347e-01 1.414348941370555890e+00
2.669619705739608717e-01 1.358323236153208713e+00 1.344642637943775032e+00
1.282912757897799905e+00 1.564236367464435229e-01 1.649709081082080697e+00
-3.085091500942808707e-01 4.431780527490814525e-01 -7.115547380093195651e-01
1.151878673931620245e+00 5.351441273339984095e-01 7.948323235598827585e-01
-5.346537272847000644e-01 -6.962733200828763458e-01 6.671488282369147926e-02
5.690791661122243106e-01 -1.011488768693106638e-01 -1.939434203072333496e+00
1.093747160014064246e+00 -1.872516630186231490e+00 -6.802801777599994937e-01
1.216221082260205089e+00 -8.044047628439118802e-02 -2.857691619551564477e-01
9.986230573639657271e-01 9.122689434756410254e-01 -1.382467402328564354e+00
2.321589359422252582e-03 -9.061606267753626875e-01 1.385745408841623227e+00
-4.373828935287069064e-02 1.387620800767211726e+00 4.548838988711774167e-01
6.329366340565354410e-01 -2.026798356157384351e+00 8.259850332035348908e-01
1.282941902329831185e+00 1.962650301154630794e+00 -6.600113220059398156e-01
-1.515540862347018791e+00 2.213350682308910244e-01 1.395753910438117140e+00
4.599291048434627216e-01 9.755981184201125700e-01 -8.113171010078261691e-01
-6.972197568079046004e-01 -7.558984401738648717e-01 1.408553152420306764e+00
-1.281454521264390634e+00 -3.460811686466864212e-01 9.066594410519047686e-01
1.192748477512280747e+00 1.007675729302329876e-01 -1.060212522720623607e+00
2.133405466071588208e+00 -5.419408948600692444e-01 5.953396213699527761e-01
-2.650862302261016157e-01 1.368610518519492725e-01 6.801708517535358656e-01
1.229740750678476102e+00 -8.126682233560558188e-01 -2.128701686147938421e+00
-5.222080487184320718e-01 2.152983693557276812e+00 9.868847327046839646e-02
7.868785897713558297e-01 1.020026540053193154e+00 8.499132158024937933e-01
-8.359625867014202072e-01 -8.774959214505412275e-01 -6.326541653919542929e-01
-2.463007339051982658e+00 1.083823784774125221e+00 -9.383337602408331479e-01
-1.200077104151812540e-01 9.387070183117154354e-01 -2.941051142981872868e+00
-3.585172826939773127e-01 9.049799344370038634e-01 1.026082242119507715e+00
7.312971084856146886e-01 -6.342732627105758247e-01 -9.222320575246533148e-01
9.542630183945235989e-02 1.496923934427129010e-01 2.332709543104483640e-01
-1.315741438481348391e+00 2.765817613353795945e-01 -1.633513538959953659e-01
7.204159893298713868e-01 -4.563379148105926181e-02 2.009359964851163305e+00
-1.135821084520823643e+00 5.353872320297712456e-02 -7.201581830097110448e-02
3.029503990173729178e-01 3.016472043142543469e-01 2.980103238561679468e+00
-1.589459216206642045e-01 -2.502475252964735108e-02 -8.010515261309451018e-01
2.490792957788090511e-03 2.807902071133634991e-01 4.878192972769631597e-01
-9.365907113208242762e-01 4.445330566716914067e-01 -9.464655365502969153e-02
-1.653134283734455368e-01 1.656897368869585455e-02 8.478481308159198093e-01
4.140741227301087957e-01 -1.269860185346320669e-01 3.381452307176890382e-01
1.866364425991701714e-01 1.000485706297883637e-01 1.309418979248597070e+00
8.554675704393562841e-01 1.745757916010517441e+00 8.950177190199984922e-01
3.054704358394023100e-01 3.909640203966880528e-02 -3.269346212211848846e-01
-1.659005324241905055e-01 -1.809649834116815903e+00 -8.990886270053153329e-01
-3.518058191873657536e-01 3.144759884979802522e-01 -6.116521693187958464e-01
-7.792018031026954894e-01 -7.819506574930463749e-01 -1.564958412749410277e+00
-1.211500017278288599e+00 -8.724100473425571156e-01 5.669147711958253399e-01
-6.422678033521029839e-01 -1.476736393432608985e+00 1.768534311894809363e+00
-1.250179937327271507e+00 -3.846512075676313258e-01 4.443211296648301167e-01
1.765860782329414569e+00 -1.395477755269952380e-01 -5.409707620391038807e-01
1.124967136001868928e+00 -5.212245206974015499e-01 5.931681982061943748e-01
2.550824395167448216e-02 2.007016741417040062e-01 -2.516987726493463029e+00
7.192086976699697543e-01 -2.025530858018975700e+00 8.164986514218551816e-01
-1.288061909446766240e+00 -1.004393599913714130e+00 4.561353658851171611e-01
1.027864407806041713e+00 1.945090851985997737e-01 -1.102043186920529161e+00
9.931045526465723805e-01 -1.196893695058072637e+00 -9.042657968763019305e-01
7.214093163253775254e-01 -6.982377462620871222e-01 -8.258988995542392020e-02
1.982243002499030904e-01 3.619101660025510481e-01 5.956689820241208855e-01
-1.427151540853793588e+00 -8.031392046531670159e-01 -1.572191068566534400e-01
-2.032352060766759450e-01 1.211594965027611215e+00 -2.317872137233415453e-01
-1.166020914387920548e+00 1.750686602067087927e+00 8.396769973430180389e-01
-4.922147960352258877e-01 -8.446398010170006465e-01 -1.221603981653399673e+00
-4.744795403240495424e-01 8.527478019591674951e-02 -8.482090744735825139e-01
-8.384410438300483603e-01 -9.571724406680842678e-01 7.741279243738762306e-01
6.590002869419944176e-01 1.113575404501101929e+00 5.018248901977336862e-01
-6.627414812403151778e-01 1.379756675872771510e+00 -3.878623781201074872e-01
-9.817210267789697742e-01 -4.824257146975696742e-02 -9.351442517435937241e-01
1.444666842480338609e+00 3.071416132530679910e-01 7.286441304563773258e-01
3.713031588955231221e-01 2.228283868737878926e-01 -4.200263261603536247e-01
8.694392990645564145e-01 -2.946799437797655408e+00 -9.891349531315026811e-01
-9.653744172872957829e-01 1.031166860403484042e+00 1.696988868544545781e+00
-4.936627504345110218e-01 -1.032204505967430963e+00 2.806244298260637815e-01
4.108329861661695337e-01 2.880520800426650610e-02 -6.804662268385625046e-01
-6.566166822677189652e-01 1.633744632003365949e+00 -1.351639003350483703e+00
2.801240817402376182e-01 -6.451117992087782582e-01 8.694496711077756013e-01
1.116793665962850346e+00 1.204260597402663363e-01 9.023460978419676204e-01
1.167110338440916273e+00 4.434498413513997539e-01 1.298549938765275913e+00
2.831589193481343081e-01 -1.241331173066614779e+00 -7.834766660176222253e-01
